0.025 0.0100001 185.94
0.075 0.0100005 185.94
0.125 0.010001 185.94
0.175 0.0100016 185.94
0.225 0.0100021 185.94
0.275 0.0100026 185.94
0.325 0.0100031 185.94
0.375 0.0100036 185.94
0.425 0.0100041 185.94
0.475 0.0100046 185.94
0.525 0.0100051 185.94
0.575 0.0100056 185.94
0.625 0.0100061 185.94
0.675 0.0100066 185.94
0.725 0.0100071 185.94
0.775 0.0100076 185.94
0.825 0.0100081 185.94
0.875 0.0100085 185.94
0.925 0.010009 185.94
0.975 0.0100095 185.94
1.025 0.01001 185.94
1.075 0.0100105 185.94
1.125 0.010011 185.94
1.175 0.0100115 185.94
1.225 0.010012 185.94
1.275 0.0100125 185.94
1.325 0.010013 185.94
1.375 0.0100135 185.94
1.425 0.010014 185.94
1.475 0.0100145 185.94
1.525 0.010015 185.94
1.575 0.0100155 185.94
1.625 0.0100159 185.94
1.675 0.0100164 185.94
1.725 0.0100169 185.94
1.775 0.0100174 185.94
1.825 0.0100179 185.94
1.875 0.0100184 185.94
1.925 0.0100189 185.94
1.975 0.0100194 185.94
2.025 0.0100199 185.94
2.075 0.0100204 185.94
2.125 0.0100209 185.94
2.175 0.0100214 185.94
2.225 0.0100219 185.94
2.275 0.0100224 185.94
2.325 0.0100229 185.94
2.375 0.0100233 185.94
2.425 0.0100238 185.94
2.475 0.0100243 185.94
2.525 0.0100248 185.94
2.575 0.0100253 185.94
2.625 0.0100258 185.94
2.675 0.0100263 185.94
2.725 0.0100268 185.94
2.775 0.0100273 185.94
2.825 0.0100278 185.94
2.875 0.0100283 185.94
2.925 0.0100289 185.94
2.975 0.0100294 185.94
3.025 0.0100299 185.94
3.075 0.0100305 185.94
3.125 0.0100311 185.94
3.175 0.0100317 185.94
3.225 0.0100324 185.94
3.275 0.010033 185.94
3.325 0.0100336 185.94
3.375 0.0100343 185.94
3.425 0.0100349 185.94
3.475 0.0100354 185.94
3.525 0.0100358 185.94
3.575 0.0100359 185.94
3.625 0.0100358 185.94
3.675 0.0100353 185.94
3.725 0.0100343 185.94
3.775 0.0100326 185.94
3.825 0.0100301 185.94
3.875 0.0100266 185.94
3.925 0.010022 185.94
3.975 0.0100162 185.94
4.025 0.0100093 185.94
4.075 0.0100015 185.94
4.125 0.00999339 185.94
4.175 0.00998443 185.94
4.225 0.00997344 185.94
4.275 0.0099704 185.94
4.325 0.0100184 185.94
4.375 0.0101057 185.94
4.425 0.00985455 185.94
4.475 0.00857219 185.94
4.525 0.0103785 185.941
4.575 0.0197525 185.944
4.625 0.0234407 185.93
4.675 0.0385561 174.305
4.725 0.0385669 162.684
4.775 0.0385638 151.064
4.825 0.0385639 139.445
4.875 0.0385638 127.826
4.925 0.0385638 116.207
4.975 0.0385637 104.588
5.025 0.0385636 92.9687
5.075 0.0385635 81.3496
5.125 0.0385634 69.7306
5.175 0.0385633 58.1115
5.225 0.0385632 46.4926
5.275 0.0385631 34.8736
5.325 0.0385656 23.2547
5.375 0.0385559 11.6342
5.425 0.0234079 0.00940036
5.475 0.0197145 -0.00424526
5.525 0.0104867 -0.00089434
5.575 0.00848346 0.000198731
5.625 0.00984472 -0.000126209
5.675 0.0101374 -0.000294153
5.725 0.0100499 -0.000272795
5.775 0.00999433 -0.000219091
5.825 0.00999487 -0.000176659
5.875 0.0100048 -0.000141297
5.925 0.0100122 -0.000109827
5.975 0.0100185 -8.29309e-05
6.025 0.0100247 -6.11889e-05
6.075 0.0100304 -4.43298e-05
6.125 0.0100353 -3.17154e-05
6.175 0.0100394 -2.26372e-05
6.225 0.0100426 -1.64046e-05
6.275 0.0100451 -1.23805e-05
6.325 0.010047 -1.00067e-05
6.375 0.0100484 -8.81586e-06
6.425 0.0100494 -8.432e-06
6.475 0.01005 -8.56365e-06
6.525 0.0100504 -8.99307e-06
6.575 0.0100507 -9.56408e-06
6.625 0.0100509 -1.01701e-05
6.675 0.010051 -1.07428e-05
6.725 0.0100511 -1.12427e-05
6.775 0.0100512 -1.16508e-05
6.825 0.0100512 -1.19622e-05
6.875 0.0100513 -1.21807e-05
6.925 0.0100514 -1.23156e-05
6.975 0.0100515 -1.23785e-05
7.025 0.0100516 -1.23817e-05
7.075 0.0100517 -1.23371e-05
7.125 0.0100518 -1.22552e-05
7.175 0.010052 -1.21449e-05
7.225 0.0100521 -1.20138e-05
7.275 0.0100523 -1.18677e-05
7.325 0.0100524 -1.1711e-05
7.375 0.0100526 -1.1547e-05
7.425 0.0100527 -1.1378e-05
7.475 0.0100529 -1.12057e-05
7.525 0.010053 -1.10309e-05
7.575 0.0100532 -1.08542e-05
7.625 0.0100533 -1.06759e-05
7.675 0.0100535 -1.04959e-05
7.725 0.0100536 -1.03143e-05
7.775 0.0100538 -1.01309e-05
7.825 0.0100539 -9.94557e-06
7.875 0.010054 -9.7581e-06
7.925 0.0100542 -9.56836e-06
7.975 0.0100543 -9.37626e-06
8.025 0.0100544 -9.18169e-06
8.075 0.0100545 -8.98461e-06
8.125 0.0100547 -8.78498e-06
8.175 0.0100548 -8.58279e-06
8.225 0.0100549 -8.37805e-06
8.275 0.010055 -8.1708e-06
8.325 0.0100551 -7.96108e-06
8.375 0.0100552 -7.74892e-06
8.425 0.0100553 -7.5344e-06
8.475 0.0100554 -7.31757e-06
8.525 0.0100555 -7.09851e-06
8.575 0.0100556 -6.87726e-06
8.625 0.0100557 -6.65391e-06
8.675 0.0100558 -6.42854e-06
8.725 0.0100559 -6.2012e-06
8.775 0.010056 -5.97196e-06
8.825 0.010056 -5.74091e-06
8.875 0.0100561 -5.50811e-06
8.925 0.0100562 -5.27363e-06
8.975 0.0100563 -5.03754e-06
9.025 0.0100563 -4.79991e-06
9.075 0.0100564 -4.56082e-06
9.125 0.0100565 -4.32032e-06
9.175 0.0100565 -4.07849e-06
9.225 0.0100566 -3.8354e-06
9.275 0.0100566 -3.5911e-06
9.325 0.0100567 -3.34566e-06
9.375 0.0100567 -3.09915e-06
9.425 0.0100567 -2.8516e-06
9.475 0.0100568 -2.6031e-06
9.525 0.0100568 -2.35368e-06
9.575 0.0100568 -2.1034e-06
9.625 0.0100569 -1.85229e-06
9.675 0.0100569 -1.60046e-06
9.725 0.0100569 -1.34831e-06
9.775 0.0100569 -1.09585e-06
9.825 0.0100569 -8.40992e-07
9.875 0.010057 -5.83007e-07
9.925 0.010057 -3.31021e-07
9.975 0.0100569 -1.07449e-07
